|          |Low Saturn Orbit|     Rings|     Mimas|Encelladus|    Tethys|      Rhea|     Titan|   Iaeptus|    Phoebe|
|Low Saturn Orbit|          |    7.152 |    9.770 |   10.657 |   11.295 |   12.577 |   12.871 |   12.008 |   11.812 |
|     Rings|    7.152 |          |    3.413 |    4.516 |    5.522 |    7.655 |    9.258 |    8.678 |    8.660 |
|     Mimas|    9.770 |    3.413 |          |    0.933 |    1.748 |    3.980 |    6.523 |    6.126 |    6.257 |
|Encelladus|   10.657 |    4.516 |    0.933 |          |    0.996 |    3.050 |    5.928 |    5.597 |    5.789 |
|    Tethys|   11.295 |    5.522 |    1.748 |    0.996 |          |    2.002 |    5.127 |    4.834 |    5.092 |
|      Rhea|   12.577 |    7.655 |    3.980 |    3.050 |    2.002 |          |    3.666 |    3.418 |    3.868 |
|     Titan|   12.871 |    9.258 |    6.523 |    5.928 |    5.127 |    3.666 |          |    3.504 |    3.607 |
|   Iaeptus|   12.008 |    8.678 |    6.126 |    5.597 |    4.834 |    3.418 |    3.504 |          |    1.460 |
|    Phoebe|   11.812 |    8.660 |    6.257 |    5.789 |    5.092 |    3.868 |    3.607 |    1.460 |          |
